0.000000000000000000e+00
0.000000000000000000e+00
0.000000000000000000e+00
1.059322033898305081e-03
1.059322033898305081e-03
2.118644067796610162e-03
2.118644067796610162e-03
3.177966101694915460e-03
3.177966101694915460e-03
4.237288135593220324e-03
4.237288135593220324e-03
5.296610169491525189e-03
5.296610169491525189e-03
6.355932203389830920e-03
6.355932203389830920e-03
7.415254237288135784e-03
7.415254237288135784e-03
8.474576271186440649e-03
8.474576271186440649e-03
9.533898305084746380e-03
9.533898305084746380e-03
1.059322033898305038e-02
1.059322033898305038e-02
1.165254237288135611e-02
1.165254237288135611e-02
1.271186440677966184e-02
1.271186440677966184e-02
1.377118644067796584e-02
1.377118644067796584e-02
1.483050847457627157e-02
1.483050847457627157e-02
1.588983050847457557e-02
1.588983050847457557e-02
1.694915254237288130e-02
1.694915254237288130e-02
1.800847457627118703e-02
1.800847457627118703e-02
1.906779661016949276e-02
1.906779661016949276e-02
2.012711864406779502e-02
2.012711864406779502e-02
2.224576271186440649e-02
2.224576271186440649e-02
2.330508474576271222e-02
2.330508474576271222e-02
2.436440677966101795e-02
2.436440677966101795e-02
2.648305084745762594e-02
2.648305084745762594e-02
2.966101694915254314e-02
2.966101694915254314e-02
3.177966101694915113e-02
3.177966101694915113e-02
3.283898305084746033e-02
3.283898305084746033e-02
3.389830508474576259e-02
3.389830508474576259e-02
3.495762711864406486e-02
3.495762711864406486e-02
3.601694915254237406e-02
3.601694915254237406e-02
3.707627118644067632e-02
3.707627118644067632e-02
3.813559322033898552e-02
3.813559322033898552e-02
3.919491525423728778e-02
3.919491525423728778e-02
4.131355932203389925e-02
4.131355932203389925e-02
4.237288135593220151e-02
4.237288135593220151e-02
4.449152542372881297e-02
4.449152542372881297e-02
4.555084745762711523e-02
4.555084745762711523e-02
4.661016949152542443e-02
4.661016949152542443e-02
4.766949152542372670e-02
4.766949152542372670e-02
4.872881355932203590e-02
4.872881355932203590e-02
4.978813559322033816e-02
4.978813559322033816e-02
5.084745762711864736e-02
5.084745762711864736e-02
5.296610169491525189e-02
5.296610169491525189e-02
5.402542372881356109e-02
5.402542372881356109e-02
5.508474576271186335e-02
5.508474576271186335e-02
5.614406779661017255e-02
5.614406779661017255e-02
5.932203389830508627e-02
5.932203389830508627e-02
6.038135593220338854e-02
6.038135593220338854e-02
6.144067796610169774e-02
6.144067796610169774e-02
6.355932203389830226e-02
6.355932203389830226e-02
6.567796610169492066e-02
6.567796610169492066e-02
6.673728813559322293e-02
6.673728813559322293e-02
6.779661016949152519e-02
6.779661016949152519e-02
6.885593220338982745e-02
6.885593220338982745e-02
7.627118644067797104e-02
7.627118644067797104e-02
7.838983050847457557e-02
7.838983050847457557e-02
7.944915254237287783e-02
7.944915254237287783e-02
8.050847457627118009e-02
8.050847457627118009e-02
8.156779661016949623e-02
8.156779661016949623e-02
8.262711864406779849e-02
8.262711864406779849e-02
8.368644067796610075e-02
8.368644067796610075e-02
8.474576271186440302e-02
8.474576271186440302e-02
9.004237288135592820e-02
9.004237288135592820e-02
9.110169491525423047e-02
9.110169491525423047e-02
9.322033898305084887e-02
9.322033898305084887e-02
9.427966101694915113e-02
9.427966101694915113e-02
9.533898305084745339e-02
9.533898305084745339e-02
9.639830508474576953e-02
9.639830508474576953e-02
9.851694915254237406e-02
9.851694915254237406e-02
9.957627118644067632e-02
9.957627118644067632e-02
1.016949152542372947e-01
1.016949152542372947e-01
1.027542372881355970e-01
1.027542372881355970e-01
1.038135593220338992e-01
1.038135593220338992e-01
1.048728813559322015e-01
1.048728813559322015e-01
1.059322033898305038e-01
1.059322033898305038e-01
1.069915254237288199e-01
1.069915254237288199e-01
1.091101694915254244e-01
1.091101694915254244e-01
1.101694915254237267e-01
1.101694915254237267e-01
1.112288135593220290e-01
1.112288135593220290e-01
1.133474576271186474e-01
1.133474576271186474e-01
1.165254237288135541e-01
1.165254237288135541e-01
1.175847457627118703e-01
1.175847457627118703e-01
1.186440677966101725e-01
1.186440677966101725e-01
1.197033898305084748e-01
1.197033898305084748e-01
1.228813559322033955e-01
1.228813559322033955e-01
1.239406779661016977e-01
1.239406779661016977e-01
1.281779661016949068e-01
1.281779661016949068e-01
1.292372881355932090e-01
1.292372881355932090e-01
1.313559322033898413e-01
1.313559322033898413e-01
1.324152542372881436e-01
1.324152542372881436e-01
1.345338983050847481e-01
1.345338983050847481e-01
1.366525423728813526e-01
1.366525423728813526e-01
1.377118644067796549e-01
1.377118644067796549e-01
1.408898305084745894e-01
1.408898305084745894e-01
1.419491525423728917e-01
1.419491525423728917e-01
1.472457627118644030e-01
1.472457627118644030e-01
1.504237288135593098e-01
1.504237288135593098e-01
1.514830508474576398e-01
1.514830508474576398e-01
1.536016949152542443e-01
1.536016949152542443e-01
1.546610169491525466e-01
1.546610169491525466e-01
1.557203389830508489e-01
1.557203389830508489e-01
1.578389830508474534e-01
1.578389830508474534e-01
1.588983050847457557e-01
1.588983050847457557e-01
1.610169491525423602e-01
1.610169491525423602e-01
1.641949152542372947e-01
1.641949152542372947e-01
1.663135593220338992e-01
1.663135593220338992e-01
1.684322033898305038e-01
1.684322033898305038e-01
1.694915254237288060e-01
1.694915254237288060e-01
1.705508474576271083e-01
1.705508474576271083e-01
1.716101694915254106e-01
1.716101694915254106e-01
1.769067796610169496e-01
1.769067796610169496e-01
1.779661016949152519e-01
1.779661016949152519e-01
1.790254237288135541e-01
1.790254237288135541e-01
1.800847457627118564e-01
1.800847457627118564e-01
1.811440677966101587e-01
1.811440677966101587e-01
1.832627118644067910e-01
1.832627118644067910e-01
1.885593220338983023e-01
1.885593220338983023e-01
1.906779661016949068e-01
1.906779661016949068e-01
1.917372881355932090e-01
1.917372881355932090e-01
1.927966101694915391e-01
1.927966101694915391e-01
1.938559322033898413e-01
1.938559322033898413e-01
1.949152542372881436e-01
1.949152542372881436e-01
1.970338983050847481e-01
1.970338983050847481e-01
1.980932203389830504e-01
1.980932203389830504e-01
2.023305084745762594e-01
2.023305084745762594e-01
2.033898305084745894e-01
2.033898305084745894e-01
2.076271186440677985e-01
2.076271186440677985e-01
2.086864406779661008e-01
2.086864406779661008e-01
2.097457627118644030e-01
2.097457627118644030e-01
2.129237288135593098e-01
2.129237288135593098e-01
2.161016949152542443e-01
2.161016949152542443e-01
2.182203389830508489e-01
2.182203389830508489e-01
2.213983050847457557e-01
2.213983050847457557e-01
2.256355932203389925e-01
2.256355932203389925e-01
2.277542372881355970e-01
2.277542372881355970e-01
2.298728813559322015e-01
2.298728813559322015e-01
2.309322033898305038e-01
2.309322033898305038e-01
2.330508474576271083e-01
2.330508474576271083e-01
2.341101694915254106e-01
2.341101694915254106e-01
2.351694915254237406e-01
2.351694915254237406e-01
2.362288135593220428e-01
2.362288135593220428e-01
2.372881355932203451e-01
2.372881355932203451e-01
2.394067796610169496e-01
2.394067796610169496e-01
2.468220338983050932e-01
2.468220338983050932e-01
2.478813559322033955e-01
2.478813559322033955e-01
2.489406779661016977e-01
2.489406779661016977e-01
2.510593220338983023e-01
2.510593220338983023e-01
2.521186440677966045e-01
2.521186440677966045e-01
2.531779661016949068e-01
2.531779661016949068e-01
2.563559322033898136e-01
2.563559322033898136e-01
2.574152542372881158e-01
2.574152542372881158e-01
2.584745762711864181e-01
2.584745762711864181e-01
2.595338983050847204e-01
2.595338983050847204e-01
2.627118644067796827e-01
2.627118644067796827e-01
2.648305084745762872e-01
2.648305084745762872e-01
2.658898305084745894e-01
2.658898305084745894e-01
2.690677966101694962e-01
2.690677966101694962e-01
2.711864406779661008e-01
2.711864406779661008e-01
2.722457627118644030e-01
2.722457627118644030e-01
2.733050847457627053e-01
2.733050847457627053e-01
2.743644067796610075e-01
2.743644067796610075e-01
2.754237288135593098e-01
2.754237288135593098e-01
2.764830508474576121e-01
2.764830508474576121e-01
2.786016949152542166e-01
2.786016949152542166e-01
2.796610169491525189e-01
2.796610169491525189e-01
2.817796610169491789e-01
2.817796610169491789e-01
2.828389830508474811e-01
2.828389830508474811e-01
2.849576271186440857e-01
2.849576271186440857e-01
2.860169491525423879e-01
2.860169491525423879e-01
2.870762711864406902e-01
2.870762711864406902e-01
2.902542372881355970e-01
2.902542372881355970e-01
2.913135593220338992e-01
2.913135593220338992e-01
2.955508474576271083e-01
2.955508474576271083e-01
2.966101694915254106e-01
2.966101694915254106e-01
2.976694915254237128e-01
2.976694915254237128e-01
3.008474576271186196e-01
3.008474576271186196e-01
3.029661016949152796e-01
3.029661016949152796e-01
3.050847457627118842e-01
3.050847457627118842e-01
3.061440677966101864e-01
3.061440677966101864e-01
3.093220338983050932e-01
3.093220338983050932e-01
3.114406779661016977e-01
3.114406779661016977e-01
3.135593220338983023e-01
3.135593220338983023e-01
3.156779661016949068e-01
3.156779661016949068e-01
3.230932203389830781e-01
3.230932203389830781e-01
3.262711864406779849e-01
3.262711864406779849e-01
3.283898305084745894e-01
3.283898305084745894e-01
3.305084745762711940e-01
3.305084745762711940e-01
3.379237288135593098e-01
3.379237288135593098e-01
3.389830508474576121e-01
3.389830508474576121e-01
3.411016949152542166e-01
3.411016949152542166e-01
3.421610169491525189e-01
3.421610169491525189e-01
3.432203389830508211e-01
3.432203389830508211e-01
3.442796610169491789e-01
3.442796610169491789e-01
3.453389830508474811e-01
3.453389830508474811e-01
3.474576271186440857e-01
3.474576271186440857e-01
3.485169491525423879e-01
3.485169491525423879e-01
3.506355932203389925e-01
3.506355932203389925e-01
3.569915254237288060e-01
3.569915254237288060e-01
3.644067796610169219e-01
3.644067796610169219e-01
3.707627118644067910e-01
3.707627118644067910e-01
3.739406779661016977e-01
3.739406779661016977e-01
3.813559322033898136e-01
3.813559322033898136e-01
3.824152542372881158e-01
3.824152542372881158e-01
3.845338983050847204e-01
3.845338983050847204e-01
3.855932203389830781e-01
3.855932203389830781e-01
3.866525423728813804e-01
3.866525423728813804e-01
3.940677966101694962e-01
3.940677966101694962e-01
3.961864406779661008e-01
3.961864406779661008e-01
3.972457627118644030e-01
3.972457627118644030e-01
3.983050847457627053e-01
3.983050847457627053e-01
4.014830508474576121e-01
4.014830508474576121e-01
4.067796610169491789e-01
4.067796610169491789e-01
4.120762711864406902e-01
4.120762711864406902e-01
4.141949152542372947e-01
4.141949152542372947e-01
4.194915254237288060e-01
4.194915254237288060e-01
4.216101694915254106e-01
4.216101694915254106e-01
4.258474576271186196e-01
4.258474576271186196e-01
4.269067796610169219e-01
4.269067796610169219e-01
4.300847457627118842e-01
4.300847457627118842e-01
4.332627118644067910e-01
4.332627118644067910e-01
4.375000000000000000e-01
4.375000000000000000e-01
4.385593220338983023e-01
4.385593220338983023e-01
4.396186440677966045e-01
4.396186440677966045e-01
4.470338983050847204e-01
4.470338983050847204e-01
4.597457627118644030e-01
4.597457627118644030e-01
4.661016949152542166e-01
4.661016949152542166e-01
4.692796610169491789e-01
4.692796610169491789e-01
4.703389830508474811e-01
4.703389830508474811e-01
4.735169491525423879e-01
4.735169491525423879e-01
4.756355932203389925e-01
4.756355932203389925e-01
4.788135593220338992e-01
4.788135593220338992e-01
4.798728813559322015e-01
4.798728813559322015e-01
4.851694915254237128e-01
4.851694915254237128e-01
4.862288135593220151e-01
4.862288135593220151e-01
4.894067796610169219e-01
4.894067796610169219e-01
4.904661016949152796e-01
4.904661016949152796e-01
4.925847457627118842e-01
4.925847457627118842e-01
4.957627118644067910e-01
4.957627118644067910e-01
4.978813559322033955e-01
4.978813559322033955e-01
4.989406779661016977e-01
4.989406779661016977e-01
5.042372881355932090e-01
5.042372881355932090e-01
5.052966101694915668e-01
5.052966101694915668e-01
5.074152542372881713e-01
5.074152542372881713e-01
5.116525423728813804e-01
5.116525423728813804e-01
5.190677966101694407e-01
5.190677966101694407e-01
5.222457627118644030e-01
5.222457627118644030e-01
5.264830508474576121e-01
5.264830508474576121e-01
5.370762711864406347e-01
5.370762711864406347e-01
5.381355932203389925e-01
5.381355932203389925e-01
5.402542372881355970e-01
5.402542372881355970e-01
5.529661016949152241e-01
5.529661016949152241e-01
5.582627118644067910e-01
5.582627118644067910e-01
5.593220338983050377e-01
5.593220338983050377e-01
5.625000000000000000e-01
5.625000000000000000e-01
5.646186440677966045e-01
5.646186440677966045e-01
5.667372881355932090e-01
5.667372881355932090e-01
5.752118644067796271e-01
5.752118644067796271e-01
5.794491525423728362e-01
5.794491525423728362e-01
5.847457627118644030e-01
5.847457627118644030e-01
5.858050847457627608e-01
5.858050847457627608e-01
5.879237288135593653e-01
5.879237288135593653e-01
5.900423728813559698e-01
5.900423728813559698e-01
5.921610169491525744e-01
5.921610169491525744e-01
6.069915254237288060e-01
6.069915254237288060e-01
6.144067796610169774e-01
6.144067796610169774e-01
6.186440677966101864e-01
6.186440677966101864e-01
6.228813559322033955e-01
6.250000000000000000e-01
6.260593220338983578e-01
6.260593220338983578e-01
6.313559322033898136e-01
6.313559322033898136e-01
6.334745762711864181e-01
6.334745762711864181e-01
6.366525423728813804e-01
6.366525423728813804e-01
6.387711864406779849e-01
6.387711864406779849e-01
6.588983050847457834e-01
6.588983050847457834e-01
6.620762711864406347e-01
6.620762711864406347e-01
6.673728813559322015e-01
6.673728813559322015e-01
6.684322033898305593e-01
6.684322033898305593e-01
6.737288135593220151e-01
6.737288135593220151e-01
6.769067796610169774e-01
6.769067796610169774e-01
6.790254237288135819e-01
6.790254237288135819e-01
6.800847457627118287e-01
6.800847457627118287e-01
6.843220338983050377e-01
6.843220338983050377e-01
6.906779661016949623e-01
6.906779661016949623e-01
6.927966101694915668e-01
6.927966101694915668e-01
6.980932203389830226e-01
6.980932203389830226e-01
7.044491525423728362e-01
7.044491525423728362e-01
7.055084745762711940e-01
7.055084745762711940e-01
7.076271186440677985e-01
7.076271186440677985e-01
7.097457627118644030e-01
7.097457627118644030e-01
7.224576271186440302e-01
7.224576271186440302e-01
7.288135593220338437e-01
7.288135593220338437e-01
7.298728813559322015e-01
7.298728813559322015e-01
7.309322033898305593e-01
7.309322033898305593e-01
7.319915254237288060e-01
7.319915254237288060e-01
7.330508474576271638e-01
7.330508474576271638e-01
7.394067796610169774e-01
7.394067796610169774e-01
7.415254237288135819e-01
7.415254237288135819e-01
7.436440677966101864e-01
7.436440677966101864e-01
7.531779661016949623e-01
7.531779661016949623e-01
7.552966101694915668e-01
7.552966101694915668e-01
7.648305084745762317e-01
7.648305084745762317e-01
7.669491525423728362e-01
7.669491525423728362e-01
7.701271186440677985e-01
7.701271186440677985e-01
7.754237288135593653e-01
7.754237288135593653e-01
7.786016949152542166e-01
7.786016949152542166e-01
7.807203389830508211e-01
7.807203389830508211e-01
7.860169491525423879e-01
7.860169491525423879e-01
7.902542372881355970e-01
7.902542372881355970e-01
7.923728813559322015e-01
7.923728813559322015e-01
7.944915254237288060e-01
7.944915254237288060e-01
7.955508474576271638e-01
7.955508474576271638e-01
8.040254237288135819e-01
8.040254237288135819e-01
8.135593220338983578e-01
8.135593220338983578e-01
8.252118644067796271e-01
8.252118644067796271e-01
8.315677966101694407e-01
8.315677966101694407e-01
8.347457627118644030e-01
8.347457627118644030e-01
8.442796610169491789e-01
8.442796610169491789e-01
8.474576271186440302e-01
8.474576271186440302e-01
8.506355932203389925e-01
8.506355932203389925e-01
8.569915254237288060e-01
8.569915254237288060e-01
8.697033898305084332e-01
8.697033898305084332e-01
8.739406779661016422e-01
8.739406779661016422e-01
8.771186440677966045e-01
8.771186440677966045e-01
8.877118644067796271e-01
8.877118644067796271e-01
9.110169491525423879e-01
9.110169491525423879e-01
9.247881355932203729e-01
9.247881355932203729e-01
9.269067796610169774e-01
9.269067796610169774e-01
9.396186440677966045e-01
9.396186440677966045e-01
9.459745762711864181e-01
9.459745762711864181e-01
9.968220338983050377e-01
9.968220338983050377e-01
1.000000000000000000e+00
