0.000000000000000000e+00
1.259445843828715331e-03
2.518891687657430663e-03
2.518891687657430663e-03
8.816120906801007753e-03
8.816120906801007753e-03
1.259445843828715418e-02
1.259445843828715418e-02
2.015113350125944530e-02
2.015113350125944530e-02
2.141057934508816193e-02
2.141057934508816193e-02
2.644836272040302153e-02
2.644836272040302153e-02
2.770780856423173816e-02
2.770780856423173816e-02
2.896725440806045479e-02
2.896725440806045479e-02
3.904282115869017744e-02
3.904282115869017744e-02
5.037783375314861672e-02
5.037783375314861672e-02
5.793450881612090958e-02
5.793450881612090958e-02
7.178841309823677519e-02
7.178841309823677519e-02
7.934508816120906805e-02
7.934508816120906805e-02
8.060453400503778121e-02
8.060453400503778121e-02
8.438287153652393457e-02
8.438287153652393457e-02
8.690176322418136090e-02
8.690176322418136090e-02
9.319899244332494059e-02
9.319899244332494059e-02
1.007556675062972334e-01
1.007556675062972334e-01
1.171284634760705323e-01
1.171284634760705323e-01
1.435768261964735504e-01
1.435768261964735504e-01
1.536523929471032834e-01
1.536523929471032834e-01
1.599496221662468631e-01
1.599496221662468631e-01
1.801007556675063015e-01
1.801007556675063015e-01
1.813602015113350008e-01
1.813602015113350008e-01
1.838790931989924549e-01
1.838790931989924549e-01
1.977329974811083135e-01
1.977329974811083135e-01
2.015113350125944669e-01
2.015113350125944669e-01
2.027707808564231662e-01
2.027707808564231662e-01
2.115869017632241722e-01
2.115869017632241722e-01
2.229219143576826323e-01
2.229219143576826323e-01
2.254408060453400586e-01
2.254408060453400586e-01
2.329974811083123376e-01
2.329974811083123376e-01
2.342569269521410646e-01
2.342569269521410646e-01
2.367758186397984910e-01
2.367758186397984910e-01
2.632241813602015368e-01
2.632241813602015368e-01
2.896725440806045548e-01
2.896725440806045548e-01
2.947103274559194075e-01
2.947103274559194075e-01
2.959697732997481068e-01
2.959697732997481068e-01
2.972292191435768061e-01
2.972292191435768061e-01
3.010075566750629594e-01
3.010075566750629594e-01
3.047858942065491128e-01
3.047858942065491128e-01
3.073047858942065669e-01
3.073047858942065669e-01
3.136020151133501188e-01
3.136020151133501188e-01
3.161209068010075729e-01
3.161209068010075729e-01
3.198992443324937263e-01
3.198992443324937263e-01
3.249370277078085789e-01
3.249370277078085789e-01
3.324937027707808301e-01
3.324937027707808301e-01
3.350125944584382842e-01
3.350125944584382842e-01
3.375314861460957383e-01
3.375314861460957383e-01
3.438287153652392902e-01
3.438287153652392902e-01
3.589420654911839037e-01
3.589420654911839037e-01
3.627204030226700016e-01
3.627204030226700016e-01
3.778337531486146150e-01
3.778337531486146150e-01
3.828715365239294677e-01
3.828715365239294677e-01
3.853904282115869218e-01
3.853904282115869218e-01
3.891687657430730751e-01
3.891687657430730751e-01
3.916876574307304737e-01
3.916876574307304737e-01
3.979848866498740811e-01
3.979848866498740811e-01
4.055415617128463324e-01
4.055415617128463324e-01
4.068010075566750872e-01
4.068010075566750872e-01
4.093198992443324857e-01
4.093198992443324857e-01
4.130982367758186391e-01
4.130982367758186391e-01
4.319899244332493504e-01
4.319899244332493504e-01
4.370277078085642586e-01
4.370277078085642586e-01
4.395465994962216572e-01
4.395465994962216572e-01
4.420654911838791112e-01
4.420654911838791112e-01
4.445843828715365098e-01
4.445843828715365098e-01
4.458438287153652646e-01
4.458438287153652646e-01
4.496221662468513625e-01
4.496221662468513625e-01
4.508816120906801173e-01
4.508816120906801173e-01
4.584382871536523685e-01
4.584382871536523685e-01
4.634760705289672766e-01
4.634760705289672766e-01
4.659949622166246752e-01
4.659949622166246752e-01
4.811083123425692887e-01
4.811083123425692887e-01
4.836272040302266872e-01
4.836272040302266872e-01
4.848866498740554420e-01
4.848866498740554420e-01
4.861460957178841413e-01
4.861460957178841413e-01
4.937027707808564481e-01
4.937027707808564481e-01
5.012594458438287548e-01
5.012594458438287548e-01
5.138539042821158587e-01
5.138539042821158587e-01
5.163727959697732572e-01
5.163727959697732572e-01
5.176322418136020120e-01
5.176322418136020120e-01
5.188916876574307668e-01
5.188916876574307668e-01
5.226700251889169202e-01
5.226700251889169202e-01
5.239294710327455640e-01
5.239294710327455640e-01
5.251889168765743188e-01
5.251889168765743188e-01
5.314861460957178707e-01
5.314861460957178707e-01
5.340050377833752693e-01
5.340050377833752693e-01
5.352644836272040241e-01
5.352644836272040241e-01
5.377833753148614226e-01
5.377833753148614226e-01
5.390428211586901774e-01
5.390428211586901774e-01
5.415617128463475760e-01
5.415617128463475760e-01
5.428211586901763308e-01
5.428211586901763308e-01
5.453400503778337294e-01
5.453400503778337294e-01
5.465994962216624842e-01
5.465994962216624842e-01
5.478589420654912390e-01
5.478589420654912390e-01
5.491183879093198827e-01
5.491183879093198827e-01
5.516372795969772813e-01
5.516372795969772813e-01
5.528967254408060361e-01
5.528967254408060361e-01
5.541561712846347909e-01
5.541561712846347909e-01
5.554156171284634347e-01
5.554156171284634347e-01
5.604534005037783428e-01
5.604534005037783428e-01
5.617128463476070976e-01
5.617128463476070976e-01
5.629722921914357414e-01
5.629722921914357414e-01
5.642317380352644962e-01
5.642317380352644962e-01
5.692695214105792934e-01
5.692695214105792934e-01
5.705289672544080481e-01
5.705289672544080481e-01
5.730478589420654467e-01
5.730478589420654467e-01
5.780856423173803549e-01
5.780856423173803549e-01
5.831234256926952630e-01
5.831234256926952630e-01
5.881612090680100602e-01
5.881612090680100602e-01
5.894206549118388150e-01
5.894206549118388150e-01
5.919395465994962136e-01
5.919395465994962136e-01
5.944584382871536121e-01
5.944584382871536121e-01
5.982367758186397655e-01
5.982367758186397655e-01
6.020151133501259189e-01
6.020151133501259189e-01
6.032745591939546737e-01
6.032745591939546737e-01
6.057934508816120722e-01
6.057934508816120722e-01
6.070528967254408270e-01
6.070528967254408270e-01
6.108312342569269804e-01
6.108312342569269804e-01
6.120906801007556242e-01
6.120906801007556242e-01
6.146095717884131338e-01
6.146095717884131338e-01
6.183879093198992871e-01
6.183879093198992871e-01
6.196473551637279309e-01
6.196473551637279309e-01
6.221662468513854405e-01
6.221662468513854405e-01
6.309823677581863910e-01
6.309823677581863910e-01
6.322418136020151458e-01
6.322418136020151458e-01
6.335012594458437896e-01
6.335012594458437896e-01
6.360201511335012992e-01
6.360201511335012992e-01
6.397984886649874525e-01
6.397984886649874525e-01
6.410579345088160963e-01
6.410579345088160963e-01
6.423173803526448511e-01
6.423173803526448511e-01
6.435768261964736059e-01
6.435768261964736059e-01
6.448362720403022497e-01
6.448362720403022497e-01
6.498740554156171578e-01
6.498740554156171578e-01
6.511335012594458016e-01
6.511335012594458016e-01
6.523929471032745564e-01
6.523929471032745564e-01
6.536523929471033112e-01
6.536523929471033112e-01
6.549118387909319550e-01
6.549118387909319550e-01
6.574307304785894646e-01
6.574307304785894646e-01
6.612090680100756179e-01
6.612090680100756179e-01
6.624685138539042617e-01
6.624685138539042617e-01
6.662468513853904151e-01
6.662468513853904151e-01
6.700251889168765684e-01
6.700251889168765684e-01
6.712846347607053232e-01
6.712846347607053232e-01
6.738035264483627218e-01
6.738035264483627218e-01
6.750629722921914766e-01
6.750629722921914766e-01
6.763224181360201204e-01
6.763224181360201204e-01
6.775818639798488752e-01
6.775818639798488752e-01
6.788413098236776300e-01
6.788413098236776300e-01
6.801007556675062737e-01
6.801007556675062737e-01
6.813602015113350285e-01
6.813602015113350285e-01
6.838790931989924271e-01
6.838790931989924271e-01
6.851385390428211819e-01
6.851385390428211819e-01
6.876574307304785805e-01
6.876574307304785805e-01
6.889168765743073353e-01
6.889168765743073353e-01
6.901763224181359790e-01
6.901763224181359790e-01
6.914357682619647338e-01
6.914357682619647338e-01
6.952141057934508872e-01
6.952141057934508872e-01
6.977329974811082858e-01
6.977329974811082858e-01
6.989924433249370406e-01
6.989924433249370406e-01
7.002518891687657954e-01
7.002518891687657954e-01
7.040302267002518377e-01
7.040302267002518377e-01
7.103274559193955007e-01
7.103274559193955007e-01
7.128463476070528992e-01
7.128463476070528992e-01
7.141057934508816540e-01
7.141057934508816540e-01
7.166246851385390526e-01
7.166246851385390526e-01
7.178841309823678074e-01
7.178841309823678074e-01
7.204030226700252060e-01
7.204030226700252060e-01
7.216624685138538497e-01
7.216624685138538497e-01
7.229219143576826045e-01
7.229219143576826045e-01
7.241813602015113593e-01
7.241813602015113593e-01
7.279596977329975127e-01
7.279596977329975127e-01
7.304785894206549113e-01
7.304785894206549113e-01
7.317380352644836661e-01
7.317380352644836661e-01
7.342569269521410646e-01
7.342569269521410646e-01
7.355163727959698194e-01
7.355163727959698194e-01
7.367758186397984632e-01
7.367758186397984632e-01
7.380352644836272180e-01
7.380352644836272180e-01
7.392947103274559728e-01
7.392947103274559728e-01
7.418136020151133714e-01
7.418136020151133714e-01
7.455919395465995247e-01
7.455919395465995247e-01
7.468513853904281685e-01
7.468513853904281685e-01
7.493702770780856781e-01
7.493702770780856781e-01
7.506297229219143219e-01
7.506297229219143219e-01
7.518891687657430767e-01
7.518891687657430767e-01
7.531486146095718315e-01
7.531486146095718315e-01
7.544080604534004753e-01
7.544080604534004753e-01
7.556675062972292301e-01
7.556675062972292301e-01
7.569269521410579848e-01
7.569269521410579848e-01
7.581863979848866286e-01
7.581863979848866286e-01
7.607052896725440272e-01
7.607052896725440272e-01
7.619647355163727820e-01
7.619647355163727820e-01
7.632241813602015368e-01
7.632241813602015368e-01
7.644836272040301806e-01
7.644836272040301806e-01
7.670025188916876902e-01
7.670025188916876902e-01
7.720403022670024873e-01
7.720403022670024873e-01
7.732997481108312421e-01
7.732997481108312421e-01
7.745591939546599969e-01
7.745591939546599969e-01
7.770780856423173955e-01
7.770780856423173955e-01
7.795969773299747940e-01
7.795969773299747940e-01
7.808564231738035488e-01
7.808564231738035488e-01
7.821158690176321926e-01
7.821158690176321926e-01
7.833753148614609474e-01
7.833753148614609474e-01
7.846347607052897022e-01
7.846347607052897022e-01
7.858942065491183460e-01
7.858942065491183460e-01
7.871536523929471008e-01
7.871536523929471008e-01
7.896725440806044993e-01
7.896725440806044993e-01
7.909319899244332541e-01
7.909319899244332541e-01
7.934508816120906527e-01
7.934508816120906527e-01
7.947103274559194075e-01
7.947103274559194075e-01
7.972292191435768061e-01
7.972292191435768061e-01
7.984886649874055609e-01
7.984886649874055609e-01
7.997481108312342046e-01
7.997481108312342046e-01
8.047858942065491128e-01
8.047858942065491128e-01
8.060453400503778676e-01
8.060453400503778676e-01
8.073047858942065114e-01
8.073047858942065114e-01
8.110831234256926647e-01
8.110831234256926647e-01
8.136020151133501743e-01
8.136020151133501743e-01
8.161209068010075729e-01
8.161209068010075729e-01
8.173803526448362167e-01
8.173803526448362167e-01
8.186397984886649715e-01
8.186397984886649715e-01
8.211586901763223700e-01
8.211586901763223700e-01
8.236775818639798796e-01
8.236775818639798796e-01
8.249370277078085234e-01
8.249370277078085234e-01
8.261964735516372782e-01
8.261964735516372782e-01
8.287153652392946768e-01
8.287153652392946768e-01
8.299748110831234316e-01
8.299748110831234316e-01
8.337531486146095849e-01
8.337531486146095849e-01
8.362720403022669835e-01
8.362720403022669835e-01
8.400503778337531369e-01
8.400503778337531369e-01
8.438287153652392902e-01
8.438287153652392902e-01
8.488664987405541984e-01
8.488664987405541984e-01
8.501259445843828422e-01
8.501259445843828422e-01
8.513853904282115970e-01
8.513853904282115970e-01
8.539042821158689955e-01
8.539042821158689955e-01
8.551637279596977503e-01
8.551637279596977503e-01
8.564231738035263941e-01
8.564231738035263941e-01
8.589420654911839037e-01
8.589420654911839037e-01
8.639798488664987008e-01
8.639798488664987008e-01
8.652392947103274556e-01
8.652392947103274556e-01
8.664987405541562104e-01
8.664987405541562104e-01
8.690176322418136090e-01
8.690176322418136090e-01
8.702770780856423638e-01
8.702770780856423638e-01
8.715365239294710076e-01
8.715365239294710076e-01
8.727959697732997624e-01
8.727959697732997624e-01
8.740554156171285172e-01
8.740554156171285172e-01
8.753148614609571609e-01
8.753148614609571609e-01
8.765743073047859157e-01
8.765743073047859157e-01
8.778337531486145595e-01
8.778337531486145595e-01
8.790931989924433143e-01
8.790931989924433143e-01
8.828715365239294677e-01
8.828715365239294677e-01
8.841309823677582225e-01
8.841309823677582225e-01
8.866498740554156210e-01
8.866498740554156210e-01
8.879093198992443758e-01
8.879093198992443758e-01
8.904282115869017744e-01
8.904282115869017744e-01
8.916876574307305292e-01
8.916876574307305292e-01
8.942065491183879278e-01
8.942065491183879278e-01
8.954659949622165716e-01
8.954659949622165716e-01
8.967254408060453263e-01
8.967254408060453263e-01
8.979848866498740811e-01
8.979848866498740811e-01
8.992443324937027249e-01
8.992443324937027249e-01
9.017632241813602345e-01
9.017632241813602345e-01
9.055415617128463879e-01
9.055415617128463879e-01
9.068010075566750317e-01
9.068010075566750317e-01
9.080604534005037864e-01
9.080604534005037864e-01
9.080604534005037864e-01
9.080604534005037864e-01
9.105793450881611850e-01
9.105793450881611850e-01
9.118387909319899398e-01
9.118387909319899398e-01
9.130982367758186946e-01
9.130982367758186946e-01
9.143576826196473384e-01
9.143576826196473384e-01
9.156171284634760932e-01
9.156171284634760932e-01
9.181360201511334918e-01
9.181360201511334918e-01
9.219143576826196451e-01
9.219143576826196451e-01
9.231738035264483999e-01
9.231738035264483999e-01
9.244332493702770437e-01
9.244332493702770437e-01
9.256926952141057985e-01
9.256926952141057985e-01
9.269521410579345533e-01
9.269521410579345533e-01
9.282115869017631971e-01
9.282115869017631971e-01
9.294710327455919519e-01
9.294710327455919519e-01
9.307304785894207066e-01
9.307304785894207066e-01
9.319899244332493504e-01
9.319899244332493504e-01
9.332493702770781052e-01
9.332493702770781052e-01
9.345088161209067490e-01
9.345088161209067490e-01
9.357682619647355038e-01
9.357682619647355038e-01
9.370277078085642586e-01
9.370277078085642586e-01
9.382871536523929024e-01
9.382871536523929024e-01
9.395465994962216572e-01
9.395465994962216572e-01
9.408060453400504120e-01
9.408060453400504120e-01
9.420654911838790557e-01
9.420654911838790557e-01
9.433249370277078105e-01
9.433249370277078105e-01
9.445843828715365653e-01
9.445843828715365653e-01
9.458438287153652091e-01
9.458438287153652091e-01
9.471032745591939639e-01
9.471032745591939639e-01
9.496221662468513625e-01
9.496221662468513625e-01
9.508816120906801173e-01
9.508816120906801173e-01
9.521410579345087610e-01
9.521410579345087610e-01
9.534005037783375158e-01
9.534005037783375158e-01
9.546599496221662706e-01
9.546599496221662706e-01
9.559193954659949144e-01
9.559193954659949144e-01
9.571788413098236692e-01
9.571788413098236692e-01
9.596977329974810678e-01
9.596977329974810678e-01
9.609571788413098226e-01
9.609571788413098226e-01
9.622166246851385774e-01
9.622166246851385774e-01
9.634760705289672211e-01
9.634760705289672211e-01
9.647355163727959759e-01
9.647355163727959759e-01
9.659949622166247307e-01
9.659949622166247307e-01
9.672544080604533745e-01
9.672544080604533745e-01
9.685138539042821293e-01
9.685138539042821293e-01
9.710327455919395279e-01
9.710327455919395279e-01
9.722921914357682827e-01
9.722921914357682827e-01
9.735516372795969264e-01
9.735516372795969264e-01
9.748110831234256812e-01
9.748110831234256812e-01
9.760705289672544360e-01
9.760705289672544360e-01
9.773299748110830798e-01
9.773299748110830798e-01
9.785894206549118346e-01
9.785894206549118346e-01
9.811083123425692332e-01
9.811083123425692332e-01
9.848866498740553865e-01
9.848866498740553865e-01
9.861460957178841413e-01
9.861460957178841413e-01
9.874055415617128961e-01
9.874055415617128961e-01
9.886649874055415399e-01
9.886649874055415399e-01
9.899244332493702947e-01
9.899244332493702947e-01
9.911838790931989385e-01
9.911838790931989385e-01
9.924433249370276933e-01
9.924433249370276933e-01
9.949622166246850918e-01
9.949622166246850918e-01
9.962216624685138466e-01
9.962216624685138466e-01
9.974811083123426014e-01
9.974811083123426014e-01
9.987405541561712452e-01
9.987405541561712452e-01
1.000000000000000000e+00
1.000000000000000000e+00
