0.000000000000000000e+00
8.628127696289905483e-04
1.466781708369283878e-02
1.466781708369283878e-02
1.811906816220880054e-02
1.811906816220880054e-02
2.588438308886971406e-02
2.588438308886971406e-02
2.761000862812769754e-02
2.761000862812769754e-02
2.847282139775668755e-02
2.847282139775668755e-02
3.019844693701466756e-02
3.019844693701466756e-02
3.106125970664365757e-02
3.106125970664365757e-02
3.623813632441760108e-02
3.623813632441760108e-02
4.227782571182053806e-02
4.227782571182053806e-02
4.314063848144952806e-02
4.314063848144952806e-02
4.400345125107851807e-02
4.400345125107851807e-02
4.831751509922346810e-02
4.831751509922346810e-02
5.435720448662640508e-02
5.435720448662640508e-02
5.608283002588438509e-02
5.608283002588438509e-02
5.780845556514236511e-02
5.780845556514236511e-02
6.557377049180328210e-02
6.557377049180328210e-02
6.816220880069025212e-02
6.816220880069025212e-02
7.161345987920621214e-02
7.161345987920621214e-02
7.247627264883520215e-02
7.247627264883520215e-02
7.592752372735116217e-02
7.592752372735116217e-02
7.679033649698015218e-02
7.679033649698015218e-02
7.937877480586712220e-02
7.937877480586712220e-02
8.541846419327006612e-02
8.541846419327006612e-02
8.973252804141501615e-02
8.973252804141501615e-02
1.009490940465918862e-01
1.009490940465918862e-01
1.035375323554788562e-01
1.035375323554788562e-01
1.052631578947368363e-01
1.052631578947368363e-01
1.078515962036238202e-01
1.078515962036238202e-01
1.130284728213977602e-01
1.130284728213977602e-01
1.164797238999137202e-01
1.164797238999137202e-01
1.190681622088006902e-01
1.190681622088006902e-01
1.527178602243313144e-01
1.527178602243313144e-01
1.553062985332182844e-01
1.553062985332182844e-01
1.604831751509922244e-01
1.604831751509922244e-01
1.673856773080241722e-01
1.673856773080241722e-01
1.699741156169111422e-01
1.699741156169111422e-01
1.742881794650560923e-01
1.742881794650560923e-01
1.751509922346850823e-01
1.751509922346850823e-01
1.794650560828300323e-01
1.794650560828300323e-01
1.855047454702329623e-01
1.855047454702329623e-01
1.932700603968938724e-01
1.932700603968938724e-01
1.949956859361518524e-01
1.949956859361518524e-01
1.984469370146678124e-01
1.984469370146678124e-01
2.070750647109577125e-01
2.070750647109577125e-01
2.079378774805867025e-01
2.079378774805867025e-01
2.131147540983606425e-01
2.131147540983606425e-01
2.467644521138912805e-01
2.467644521138912805e-01
2.502157031924072683e-01
2.502157031924072683e-01
2.571182053494391884e-01
2.571182053494391884e-01
2.579810181190681506e-01
2.579810181190681506e-01
2.761000862812769685e-01
2.761000862812769685e-01
2.812769628990509085e-01
2.812769628990509085e-01
2.821397756686798708e-01
2.821397756686798708e-01
2.830025884383088886e-01
2.830025884383088886e-01
2.864538395168248486e-01
2.864538395168248486e-01
2.873166522864538663e-01
2.873166522864538663e-01
2.907679033649698264e-01
2.907679033649698264e-01
2.916307161345987886e-01
2.916307161345987886e-01
2.924935289042278064e-01
2.924935289042278064e-01
2.950819672131147486e-01
2.950819672131147486e-01
2.976704055220017464e-01
2.976704055220017464e-01
3.028472821397756864e-01
3.028472821397756864e-01
3.071613459879206087e-01
3.071613459879206087e-01
3.106125970664365687e-01
3.106125970664365687e-01
3.132010353753235665e-01
3.132010353753235665e-01
3.157894736842105088e-01
3.157894736842105088e-01
3.192407247627264688e-01
3.192407247627264688e-01
3.209663503019844488e-01
3.209663503019844488e-01
3.244176013805004088e-01
3.244176013805004088e-01
3.270060396893874066e-01
3.270060396893874066e-01
3.287316652286453866e-01
3.287316652286453866e-01
3.382226056945643045e-01
3.382226056945643045e-01
3.399482312338222845e-01
3.399482312338222845e-01
3.408110440034512467e-01
3.408110440034512467e-01
3.416738567730802645e-01
3.416738567730802645e-01
3.433994823123382445e-01
3.433994823123382445e-01
3.494391716997411468e-01
3.494391716997411468e-01
3.615185504745470069e-01
3.615185504745470069e-01
3.641069887834340046e-01
3.641069887834340046e-01
3.692838654012079447e-01
3.692838654012079447e-01
3.701466781708369069e-01
3.701466781708369069e-01
3.787748058671268070e-01
3.787748058671268070e-01
3.813632441760138048e-01
3.813632441760138048e-01
3.882657463330457248e-01
3.882657463330457248e-01
3.899913718723037048e-01
3.899913718723037048e-01
3.917169974115616848e-01
3.917169974115616848e-01
3.934426229508196649e-01
3.934426229508196649e-01
4.063848144952545427e-01
4.063848144952545427e-01
4.072476272648835049e-01
4.072476272648835049e-01
4.106988783433994650e-01
4.106988783433994650e-01
4.115616911130284827e-01
4.115616911130284827e-01
4.176013805004313850e-01
4.176013805004313850e-01
4.201898188093183828e-01
4.201898188093183828e-01
4.227782571182053251e-01
4.227782571182053251e-01
4.262295081967212851e-01
4.262295081967212851e-01
4.296807592752373006e-01
4.296807592752373006e-01
4.305435720448662629e-01
4.305435720448662629e-01
4.391716997411561629e-01
4.391716997411561629e-01
4.477998274374460630e-01
4.477998274374460630e-01
4.512510785159620230e-01
4.512510785159620230e-01
4.564279551337359631e-01
4.564279551337359631e-01
4.581535806729939431e-01
4.581535806729939431e-01
4.607420189818809408e-01
4.607420189818809408e-01
4.624676445211389209e-01
4.624676445211389209e-01
4.650560828300258631e-01
4.650560828300258631e-01
4.659188955996548809e-01
4.659188955996548809e-01
4.667817083692838431e-01
4.667817083692838431e-01
4.693701466781708409e-01
4.693701466781708409e-01
4.728213977566868009e-01
4.728213977566868009e-01
4.736842105263157632e-01
4.736842105263157632e-01
4.745470232959447809e-01
4.745470232959447809e-01
4.771354616048317787e-01
4.771354616048317787e-01
4.779982743744607410e-01
4.779982743744607410e-01
4.805867126833477387e-01
4.805867126833477387e-01
4.823123382226057188e-01
4.823123382226057188e-01
4.831751509922346810e-01
4.831751509922346810e-01
4.883520276100086210e-01
4.883520276100086210e-01
4.900776531492666011e-01
4.900776531492666011e-01
4.909404659188956188e-01
4.909404659188956188e-01
4.918032786885245811e-01
4.918032786885245811e-01
4.926660914581535988e-01
4.926660914581535988e-01
4.952545297670405411e-01
4.952545297670405411e-01
4.978429680759275389e-01
4.978429680759275389e-01
4.995685936151855189e-01
4.995685936151855189e-01
5.038826574633304967e-01
5.038826574633304967e-01
5.073339085418464567e-01
5.073339085418464567e-01
5.081967213114754189e-01
5.081967213114754189e-01
5.099223468507333434e-01
5.099223468507333434e-01
5.125107851596203412e-01
5.125107851596203412e-01
5.176876617773943368e-01
5.176876617773943368e-01
5.202761000862812235e-01
5.202761000862812235e-01
5.211389128559102968e-01
5.211389128559102968e-01
5.220017256255392590e-01
5.220017256255392590e-01
5.237273511647971835e-01
5.237273511647971835e-01
5.297670405522001413e-01
5.297670405522001413e-01
5.314926660914581769e-01
5.314926660914581769e-01
5.323554788610871391e-01
5.323554788610871391e-01
5.358067299396030991e-01
5.358067299396030991e-01
5.366695427092320614e-01
5.366695427092320614e-01
5.383951682484900969e-01
5.383951682484900969e-01
5.392579810181190592e-01
5.392579810181190592e-01
5.418464193270060569e-01
5.418464193270060569e-01
5.427092320966350192e-01
5.427092320966350192e-01
5.435720448662639814e-01
5.435720448662639814e-01
5.452976704055220170e-01
5.452976704055220170e-01
5.470232959447799415e-01
5.470232959447799415e-01
5.478861087144090147e-01
5.478861087144090147e-01
5.487489214840379770e-01
5.487489214840379770e-01
5.513373597929249748e-01
5.513373597929249748e-01
5.539257981018118615e-01
5.539257981018118615e-01
5.547886108714409348e-01
5.547886108714409348e-01
5.573770491803278215e-01
5.573770491803278215e-01
5.582398619499568948e-01
5.582398619499568948e-01
5.616911130284728548e-01
5.616911130284728548e-01
5.642795513373597416e-01
5.642795513373597416e-01
5.660051768766177771e-01
5.660051768766177771e-01
5.677308024158757016e-01
5.677308024158757016e-01
5.694564279551337371e-01
5.694564279551337371e-01
5.711820534943916616e-01
5.711820534943916616e-01
5.729076790336496972e-01
5.729076790336496972e-01
5.737704918032786594e-01
5.737704918032786594e-01
5.772217428817946194e-01
5.772217428817946194e-01
5.789473684210526550e-01
5.789473684210526550e-01
5.798101811906816172e-01
5.798101811906816172e-01
5.806729939603105795e-01
5.806729939603105795e-01
5.849870578084556128e-01
5.849870578084556128e-01
5.867126833477135373e-01
5.867126833477135373e-01
5.910267471958584595e-01
5.910267471958584595e-01
5.936151855047454573e-01
5.936151855047454573e-01
5.962036238136324551e-01
5.962036238136324551e-01
5.979292493528903796e-01
5.979292493528903796e-01
6.005176876617773774e-01
6.005176876617773774e-01
6.022433132010354129e-01
6.022433132010354129e-01
6.056945642795513729e-01
6.056945642795513729e-01
6.100086281276962952e-01
6.100086281276962952e-01
6.117342536669542197e-01
6.117342536669542197e-01
6.134598792062122552e-01
6.134598792062122552e-01
6.143226919758412174e-01
6.143226919758412174e-01
6.160483175150992530e-01
6.160483175150992530e-01
6.177739430543571775e-01
6.177739430543571775e-01
6.186367558239861397e-01
6.186367558239861397e-01
6.194995685936152130e-01
6.194995685936152130e-01
6.203623813632441752e-01
6.203623813632441752e-01
6.212251941328731375e-01
6.212251941328731375e-01
6.238136324417601353e-01
6.238136324417601353e-01
6.255392579810181708e-01
6.255392579810181708e-01
6.264020707506471330e-01
6.264020707506471330e-01
6.272648835202760953e-01
6.272648835202760953e-01
6.281276962899050575e-01
6.281276962899050575e-01
6.324417601380500908e-01
6.324417601380500908e-01
6.350301984469369776e-01
6.350301984469369776e-01
6.358930112165660509e-01
6.358930112165660509e-01
6.384814495254529376e-01
6.384814495254529376e-01
6.393442622950820109e-01
6.393442622950820109e-01
6.402070750647109731e-01
6.402070750647109731e-01
6.427955133735979709e-01
6.427955133735979709e-01
6.436583261432269332e-01
6.436583261432269332e-01
6.453839516824848577e-01
6.453839516824848577e-01
6.471095772217428932e-01
6.471095772217428932e-01
6.479723899913718554e-01
6.479723899913718554e-01
6.488352027610008177e-01
6.488352027610008177e-01
6.496980155306298910e-01
6.496980155306298910e-01
6.505608283002588532e-01
6.505608283002588532e-01
6.531492666091458510e-01
6.531492666091458510e-01
6.548748921484037755e-01
6.548748921484037755e-01
6.600517687661777710e-01
6.600517687661777710e-01
6.609145815358067333e-01
6.609145815358067333e-01
6.686798964624676156e-01
6.686798964624676156e-01
6.712683347713546134e-01
6.712683347713546134e-01
6.721311475409835756e-01
6.721311475409835756e-01
6.755823986194995356e-01
6.755823986194995356e-01
6.798964624676445689e-01
6.798964624676445689e-01
6.867989646246764890e-01
6.867989646246764890e-01
6.937014667817084090e-01
6.937014667817084090e-01
6.945642795513373713e-01
6.945642795513373713e-01
6.962899050905952958e-01
6.962899050905952958e-01
6.988783433994822936e-01
6.988783433994822936e-01
7.006039689387403291e-01
7.006039689387403291e-01
7.014667817083692913e-01
7.014667817083692913e-01
7.057808455565142136e-01
7.057808455565142136e-01
7.066436583261431759e-01
7.066436583261431759e-01
7.083692838654012114e-01
7.083692838654012114e-01
7.092320966350301736e-01
7.092320966350301736e-01
7.100949094046591359e-01
7.100949094046591359e-01
7.109577221742882092e-01
7.109577221742882092e-01
7.118205349439171714e-01
7.118205349439171714e-01
7.126833477135461337e-01
7.126833477135461337e-01
7.161345987920620937e-01
7.161345987920620937e-01
7.169974115616911670e-01
7.169974115616911670e-01
7.178602243313201292e-01
7.178602243313201292e-01
7.187230371009490915e-01
7.187230371009490915e-01
7.221742881794650515e-01
7.221742881794650515e-01
7.230371009490940137e-01
7.230371009490940137e-01
7.238999137187230870e-01
7.238999137187230870e-01
7.264883520276099738e-01
7.264883520276099738e-01
7.273511647972390470e-01
7.273511647972390470e-01
7.282139775668680093e-01
7.282139775668680093e-01
7.299396031061259338e-01
7.299396031061259338e-01
7.308024158757550071e-01
7.308024158757550071e-01
7.308024158757550071e-01
7.308024158757550071e-01
7.333908541846418938e-01
7.333908541846418938e-01
7.368421052631578538e-01
7.368421052631578538e-01
7.377049180327869271e-01
7.377049180327869271e-01
7.385677308024158894e-01
7.385677308024158894e-01
7.411561691113028871e-01
7.411561691113028871e-01
7.420189818809318494e-01
7.420189818809318494e-01
7.428817946505608116e-01
7.428817946505608116e-01
7.437446074201897739e-01
7.437446074201897739e-01
7.446074201898188472e-01
7.446074201898188472e-01
7.454702329594478094e-01
7.454702329594478094e-01
7.463330457290767717e-01
7.463330457290767717e-01
7.480586712683348072e-01
7.480586712683348072e-01
7.523727351164797295e-01
7.523727351164797295e-01
7.532355478861086917e-01
7.532355478861086917e-01
7.549611734253667272e-01
7.549611734253667272e-01
7.558239861949956895e-01
7.558239861949956895e-01
7.584124245038826873e-01
7.584124245038826873e-01
7.592752372735116495e-01
7.592752372735116495e-01
7.610008628127695740e-01
7.610008628127695740e-01
7.627264883520276095e-01
7.627264883520276095e-01
7.635893011216565718e-01
7.635893011216565718e-01
7.644521138912856451e-01
7.644521138912856451e-01
7.653149266609146073e-01
7.653149266609146073e-01
7.661777394305435696e-01
7.661777394305435696e-01
7.670405522001725318e-01
7.670405522001725318e-01
7.679033649698016051e-01
7.679033649698016051e-01
7.687661777394305673e-01
7.687661777394305673e-01
7.722174288179465274e-01
7.722174288179465274e-01
7.730802415875754896e-01
7.730802415875754896e-01
7.739430543572044519e-01
7.739430543572044519e-01
7.748058671268335251e-01
7.748058671268335251e-01
7.756686798964624874e-01
7.756686798964624874e-01
7.765314926660914496e-01
7.765314926660914496e-01
7.773943054357204119e-01
7.773943054357204119e-01
7.782571182053494852e-01
7.782571182053494852e-01
7.808455565142363719e-01
7.808455565142363719e-01
7.834339948231233697e-01
7.834339948231233697e-01
7.842968075927523319e-01
7.842968075927523319e-01
7.851596203623814052e-01
7.851596203623814052e-01
7.868852459016393297e-01
7.868852459016393297e-01
7.886108714408973652e-01
7.886108714408973652e-01
7.894736842105263275e-01
7.894736842105263275e-01
7.911993097497842520e-01
7.911993097497842520e-01
7.920621225194133253e-01
7.920621225194133253e-01
7.937877480586712498e-01
7.937877480586712498e-01
7.946505608283002120e-01
7.946505608283002120e-01
7.955133735979292853e-01
7.955133735979292853e-01
7.989646246764452453e-01
7.989646246764452453e-01
7.998274374460742075e-01
7.998274374460742075e-01
8.006902502157031698e-01
8.006902502157031698e-01
8.015530629853321321e-01
8.015530629853321321e-01
8.024158757549612053e-01
8.024158757549612053e-01
8.032786885245901676e-01
8.032786885245901676e-01
8.050043140638480921e-01
8.050043140638480921e-01
8.058671268334771653e-01
8.058671268334771653e-01
8.067299396031061276e-01
8.067299396031061276e-01
8.093183779119931254e-01
8.093183779119931254e-01
8.127696289905090854e-01
8.127696289905090854e-01
8.144952545297670099e-01
8.144952545297670099e-01
8.153580672993960832e-01
8.153580672993960832e-01
8.162208800690250454e-01
8.162208800690250454e-01
8.179465056082829699e-01
8.179465056082829699e-01
8.188093183779120432e-01
8.188093183779120432e-01
8.196721311475410054e-01
8.196721311475410054e-01
8.205349439171699677e-01
8.205349439171699677e-01
8.213977566867989299e-01
8.213977566867989299e-01
8.231233822260569655e-01
8.231233822260569655e-01
8.239861949956859277e-01
8.239861949956859277e-01
8.248490077653148900e-01
8.248490077653148900e-01
8.257118205349439632e-01
8.257118205349439632e-01
8.265746333045729255e-01
8.265746333045729255e-01
8.274374460742018877e-01
8.274374460742018877e-01
8.283002588438308500e-01
8.283002588438308500e-01
8.291630716134599233e-01
8.291630716134599233e-01
8.300258843830888855e-01
8.300258843830888855e-01
8.308886971527178478e-01
8.308886971527178478e-01
8.317515099223468100e-01
8.317515099223468100e-01
8.326143226919758833e-01
8.326143226919758833e-01
8.334771354616048455e-01
8.334771354616048455e-01
8.352027610008627700e-01
8.352027610008627700e-01
8.360655737704918433e-01
8.360655737704918433e-01
8.369283865401208056e-01
8.369283865401208056e-01
8.377911993097497678e-01
8.377911993097497678e-01
8.386540120793787301e-01
8.386540120793787301e-01
8.403796376186367656e-01
8.403796376186367656e-01
8.438308886971527256e-01
8.438308886971527256e-01
8.455565142364106501e-01
8.455565142364106501e-01
8.464193270060397234e-01
8.464193270060397234e-01
8.481449525452976479e-01
8.481449525452976479e-01
8.498705780845556834e-01
8.498705780845556834e-01
8.515962036238136079e-01
8.515962036238136079e-01
8.524590163934425702e-01
8.524590163934425702e-01
8.533218291630716434e-01
8.533218291630716434e-01
8.541846419327006057e-01
8.541846419327006057e-01
8.550474547023295679e-01
8.550474547023295679e-01
8.567730802415876035e-01
8.567730802415876035e-01
8.576358930112165657e-01
8.576358930112165657e-01
8.584987057808455280e-01
8.584987057808455280e-01
8.602243313201035635e-01
8.602243313201035635e-01
8.619499568593614880e-01
8.619499568593614880e-01
8.636755823986195235e-01
8.636755823986195235e-01
8.645383951682484858e-01
8.645383951682484858e-01
8.654012079378774480e-01
8.654012079378774480e-01
8.662640207075065213e-01
8.662640207075065213e-01
8.671268334771354835e-01
8.671268334771354835e-01
8.688524590163934080e-01
8.688524590163934080e-01
8.697152717860224813e-01
8.697152717860224813e-01
8.705780845556514436e-01
8.705780845556514436e-01
8.723037100949093681e-01
8.723037100949093681e-01
8.731665228645384413e-01
8.731665228645384413e-01
8.740293356341674036e-01
8.740293356341674036e-01
8.774805867126833636e-01
8.774805867126833636e-01
8.783433994823123259e-01
8.783433994823123259e-01
8.792062122519412881e-01
8.792062122519412881e-01
8.809318377911993236e-01
8.809318377911993236e-01
8.817946505608282859e-01
8.817946505608282859e-01
8.826574633304572481e-01
8.826574633304572481e-01
8.843830888697152837e-01
8.843830888697152837e-01
8.852459016393442459e-01
8.852459016393442459e-01
8.861087144089732082e-01
8.861087144089732082e-01
8.878343399482312437e-01
8.878343399482312437e-01
8.912855910267472037e-01
8.912855910267472037e-01
8.921484037963761660e-01
8.921484037963761660e-01
8.930112165660051282e-01
8.930112165660051282e-01
8.947368421052631637e-01
8.947368421052631637e-01
8.955996548748921260e-01
8.955996548748921260e-01
8.964624676445210882e-01
8.964624676445210882e-01
8.973252804141501615e-01
8.973252804141501615e-01
8.981880931837791238e-01
8.981880931837791238e-01
8.990509059534080860e-01
8.990509059534080860e-01
8.999137187230370483e-01
8.999137187230370483e-01
9.007765314926661215e-01
9.007765314926661215e-01
9.025021570319240460e-01
9.025021570319240460e-01
9.033649698015530083e-01
9.033649698015530083e-01
9.059534081104400061e-01
9.059534081104400061e-01
9.068162208800690793e-01
9.068162208800690793e-01
9.076790336496980416e-01
9.076790336496980416e-01
9.094046591889559661e-01
9.094046591889559661e-01
9.102674719585850394e-01
9.102674719585850394e-01
9.111302847282140016e-01
9.111302847282140016e-01
9.128559102674719261e-01
9.128559102674719261e-01
9.137187230371009994e-01
9.137187230371009994e-01
9.154443485763589239e-01
9.154443485763589239e-01
9.163071613459878861e-01
9.163071613459878861e-01
9.171699741156169594e-01
9.171699741156169594e-01
9.180327868852459217e-01
9.180327868852459217e-01
9.188955996548748839e-01
9.188955996548748839e-01
9.197584124245038462e-01
9.197584124245038462e-01
9.214840379637618817e-01
9.214840379637618817e-01
9.223468507333908439e-01
9.223468507333908439e-01
9.232096635030198062e-01
9.232096635030198062e-01
9.240724762726488795e-01
9.240724762726488795e-01
9.249352890422778417e-01
9.249352890422778417e-01
9.257981018119068040e-01
9.257981018119068040e-01
9.266609145815357662e-01
9.266609145815357662e-01
9.275237273511648395e-01
9.275237273511648395e-01
9.283865401207938017e-01
9.283865401207938017e-01
9.292493528904227640e-01
9.292493528904227640e-01
9.309749784296807995e-01
9.309749784296807995e-01
9.318377911993097618e-01
9.318377911993097618e-01
9.327006039689387240e-01
9.327006039689387240e-01
9.335634167385676863e-01
9.335634167385676863e-01
9.344262295081967595e-01
9.344262295081967595e-01
9.352890422778257218e-01
9.352890422778257218e-01
9.361518550474546840e-01
9.361518550474546840e-01
9.370146678170836463e-01
9.370146678170836463e-01
9.378774805867127196e-01
9.378774805867127196e-01
9.387402933563416818e-01
9.387402933563416818e-01
9.396031061259706441e-01
9.396031061259706441e-01
9.404659188955996063e-01
9.404659188955996063e-01
9.413287316652286796e-01
9.413287316652286796e-01
9.421915444348576418e-01
9.421915444348576418e-01
9.439171699741155663e-01
9.439171699741155663e-01
9.456427955133736019e-01
9.456427955133736019e-01
9.465056082830025641e-01
9.465056082830025641e-01
9.473684210526315264e-01
9.473684210526315264e-01
9.482312338222605996e-01
9.482312338222605996e-01
9.490940465918895619e-01
9.490940465918895619e-01
9.499568593615185241e-01
9.499568593615185241e-01
9.508196721311474864e-01
9.508196721311474864e-01
9.516824849007765597e-01
9.516824849007765597e-01
9.525452976704055219e-01
9.525452976704055219e-01
9.542709232096635574e-01
9.542709232096635574e-01
9.551337359792925197e-01
9.551337359792925197e-01
9.568593615185504442e-01
9.568593615185504442e-01
9.585849870578084797e-01
9.585849870578084797e-01
9.603106125970664042e-01
9.603106125970664042e-01
9.611734253666954775e-01
9.611734253666954775e-01
9.628990509059534020e-01
9.628990509059534020e-01
9.637618636755823642e-01
9.637618636755823642e-01
9.646246764452114375e-01
9.646246764452114375e-01
9.663503019844693620e-01
9.663503019844693620e-01
9.672131147540983243e-01
9.672131147540983243e-01
9.689387402933563598e-01
9.689387402933563598e-01
9.698015530629853220e-01
9.698015530629853220e-01
9.732528041415012821e-01
9.732528041415012821e-01
9.741156169111302443e-01
9.741156169111302443e-01
9.749784296807593176e-01
9.749784296807593176e-01
9.758412424503882798e-01
9.758412424503882798e-01
9.767040552200172421e-01
9.767040552200172421e-01
9.775668679896462043e-01
9.775668679896462043e-01
9.784296807592752776e-01
9.784296807592752776e-01
9.801553062985332021e-01
9.801553062985332021e-01
9.810181190681621644e-01
9.810181190681621644e-01
9.827437446074201999e-01
9.827437446074201999e-01
9.836065573770491621e-01
9.836065573770491621e-01
9.844693701466781244e-01
9.844693701466781244e-01
9.853321829163071977e-01
9.853321829163071977e-01
9.861949956859361599e-01
9.861949956859361599e-01
9.870578084555651222e-01
9.870578084555651222e-01
9.879206212251940844e-01
9.879206212251940844e-01
9.887834339948231577e-01
9.887834339948231577e-01
9.896462467644521199e-01
9.896462467644521199e-01
9.905090595340810822e-01
9.905090595340810822e-01
9.913718723037100444e-01
9.913718723037100444e-01
9.922346850733391177e-01
9.922346850733391177e-01
9.930974978429680800e-01
9.930974978429680800e-01
9.939603106125970422e-01
9.939603106125970422e-01
9.948231233822260045e-01
9.948231233822260045e-01
9.956859361518550777e-01
9.956859361518550777e-01
9.965487489214840400e-01
9.965487489214840400e-01
9.974115616911130022e-01
9.974115616911130022e-01
9.982743744607419645e-01
9.982743744607419645e-01
9.991371872303710377e-01
9.991371872303710377e-01
1.000000000000000000e+00
1.000000000000000000e+00
