0.000000000000000000e+00
0.000000000000000000e+00
0.000000000000000000e+00
6.906077348066298055e-04
6.906077348066298055e-04
1.381215469613259611e-03
1.381215469613259611e-03
2.071823204419889417e-03
2.071823204419889417e-03
3.453038674033149028e-03
3.453038674033149028e-03
4.143646408839778833e-03
4.143646408839778833e-03
4.834254143646408639e-03
4.834254143646408639e-03
5.524861878453038444e-03
5.524861878453038444e-03
6.215469613259668250e-03
6.215469613259668250e-03
6.906077348066298055e-03
6.906077348066298055e-03
8.287292817679557666e-03
8.287292817679557666e-03
8.977900552486187472e-03
8.977900552486187472e-03
1.035911602209944708e-02
1.035911602209944708e-02
1.104972375690607689e-02
1.104972375690607689e-02
1.381215469613259611e-02
1.381215469613259611e-02
1.450276243093922592e-02
1.450276243093922592e-02
1.519337016574585572e-02
1.519337016574585572e-02
1.588397790055248726e-02
1.588397790055248726e-02
1.726519337016574687e-02
1.726519337016574687e-02
1.795580110497237494e-02
1.795580110497237494e-02
1.864640883977900648e-02
1.864640883977900648e-02
1.933701657458563455e-02
1.933701657458563455e-02
2.002762430939226609e-02
2.002762430939226609e-02
2.071823204419889417e-02
2.071823204419889417e-02
2.140883977900552571e-02
2.140883977900552571e-02
2.209944751381215378e-02
2.209944751381215378e-02
2.279005524861878532e-02
2.279005524861878532e-02
2.348066298342541339e-02
2.348066298342541339e-02
2.417127071823204493e-02
2.417127071823204493e-02
2.486187845303867300e-02
2.486187845303867300e-02
2.555248618784530454e-02
2.555248618784530454e-02
2.762430939226519222e-02
2.762430939226519222e-02
2.831491712707182376e-02
2.831491712707182376e-02
2.969613259668508337e-02
2.969613259668508337e-02
3.038674033149171144e-02
3.038674033149171144e-02
3.107734806629834298e-02
3.107734806629834298e-02
3.176795580110497452e-02
3.176795580110497452e-02
3.245856353591160259e-02
3.245856353591160259e-02
3.314917127071823066e-02
3.314917127071823066e-02
3.383977900552485873e-02
3.383977900552485873e-02
3.522099447513812182e-02
3.522099447513812182e-02
3.660220994475137796e-02
3.660220994475137796e-02
3.729281767955801297e-02
3.729281767955801297e-02
3.798342541436464104e-02
3.798342541436464104e-02
3.867403314917126911e-02
3.867403314917126911e-02
3.936464088397789718e-02
3.936464088397789718e-02
4.005524861878453219e-02
4.005524861878453219e-02
4.074585635359116026e-02
4.074585635359116026e-02
4.143646408839778833e-02
4.143646408839778833e-02
4.212707182320442334e-02
4.212707182320442334e-02
4.281767955801105141e-02
4.281767955801105141e-02
4.350828729281767948e-02
4.350828729281767948e-02
4.488950276243094256e-02
4.488950276243094256e-02
4.558011049723757063e-02
4.558011049723757063e-02
4.627071823204419870e-02
4.627071823204419870e-02
4.696132596685082677e-02
4.696132596685082677e-02
4.765193370165746178e-02
4.765193370165746178e-02
4.834254143646408985e-02
4.834254143646408985e-02
4.972375690607734600e-02
4.972375690607734600e-02
5.041436464088398101e-02
5.041436464088398101e-02
5.110497237569060908e-02
5.110497237569060908e-02
5.179558011049723715e-02
5.179558011049723715e-02
5.248618784530386522e-02
5.248618784530386522e-02
5.386740331491712830e-02
5.386740331491712830e-02
5.455801104972375637e-02
5.455801104972375637e-02
5.524861878453038444e-02
5.524861878453038444e-02
5.593922651933701945e-02
5.593922651933701945e-02
5.662983425414364752e-02
5.662983425414364752e-02
5.732044198895027559e-02
5.732044198895027559e-02
5.801104972375690366e-02
5.801104972375690366e-02
5.870165745856353867e-02
5.870165745856353867e-02
5.939226519337016674e-02
5.939226519337016674e-02
6.008287292817679481e-02
6.008287292817679481e-02
6.146408839779005789e-02
6.146408839779005789e-02
6.215469613259668596e-02
6.215469613259668596e-02
6.422651933701657712e-02
6.422651933701657712e-02
6.560773480662983326e-02
6.560773480662983326e-02
6.629834254143646133e-02
6.629834254143646133e-02
6.698895027624308940e-02
6.698895027624308940e-02
6.767955801104971747e-02
6.767955801104971747e-02
6.837016574585635942e-02
6.837016574585635942e-02
6.906077348066298749e-02
6.906077348066298749e-02
6.975138121546961556e-02
6.975138121546961556e-02
7.044198895027624363e-02
7.044198895027624363e-02
7.113259668508287170e-02
7.113259668508287170e-02
7.182320441988949977e-02
7.182320441988949977e-02
7.251381215469612784e-02
7.251381215469612784e-02
7.389502762430939786e-02
7.389502762430939786e-02
7.458563535911602593e-02
7.458563535911602593e-02
7.596685082872928207e-02
7.596685082872928207e-02
7.665745856353591015e-02
7.665745856353591015e-02
7.734806629834253822e-02
7.734806629834253822e-02
7.803867403314916629e-02
7.803867403314916629e-02
7.872928176795579436e-02
7.872928176795579436e-02
8.011049723756906438e-02
8.011049723756906438e-02
8.080110497237569245e-02
8.080110497237569245e-02
8.218232044198894859e-02
8.218232044198894859e-02
8.287292817679557666e-02
8.287292817679557666e-02
8.356353591160220473e-02
8.356353591160220473e-02
8.425414364640884668e-02
8.425414364640884668e-02
8.563535911602210282e-02
8.563535911602210282e-02
8.632596685082873089e-02
8.632596685082873089e-02
8.701657458563535896e-02
8.701657458563535896e-02
8.770718232044198703e-02
8.770718232044198703e-02
8.908839779005524318e-02
8.908839779005524318e-02
9.046961325966851319e-02
9.046961325966851319e-02
9.185082872928176934e-02
9.185082872928176934e-02
9.392265193370165355e-02
9.392265193370165355e-02
9.461325966850828162e-02
9.461325966850828162e-02
9.530386740331492357e-02
9.530386740331492357e-02
9.599447513812155164e-02
9.599447513812155164e-02
9.668508287292817971e-02
9.668508287292817971e-02
9.737569060773480778e-02
9.737569060773480778e-02
9.875690607734806392e-02
9.875690607734806392e-02
9.944751381215469199e-02
9.944751381215469199e-02
1.008287292817679620e-01
1.008287292817679620e-01
1.015193370165745901e-01
1.015193370165745901e-01
1.022099447513812182e-01
1.022099447513812182e-01
1.029005524861878462e-01
1.029005524861878462e-01
1.035911602209944743e-01
1.035911602209944743e-01
1.042817679558011024e-01
1.042817679558011024e-01
1.049723756906077304e-01
1.049723756906077304e-01
1.070441988950276285e-01
1.070441988950276285e-01
1.091160220994475127e-01
1.091160220994475127e-01
1.098066298342541408e-01
1.098066298342541408e-01
1.111878453038673970e-01
1.111878453038673970e-01
1.118784530386740389e-01
1.118784530386740389e-01
1.132596685082872950e-01
1.132596685082872950e-01
1.139502762430939231e-01
1.139502762430939231e-01
1.146408839779005512e-01
1.146408839779005512e-01
1.153314917127071793e-01
1.153314917127071793e-01
1.160220994475138073e-01
1.160220994475138073e-01
1.167127071823204354e-01
1.167127071823204354e-01
1.174033149171270773e-01
1.174033149171270773e-01
1.180939226519337054e-01
1.180939226519337054e-01
1.187845303867403335e-01
1.187845303867403335e-01
1.194751381215469616e-01
1.194751381215469616e-01
1.201657458563535896e-01
1.201657458563535896e-01
1.215469613259668458e-01
1.215469613259668458e-01
1.229281767955801158e-01
1.229281767955801158e-01
1.236187845303867439e-01
1.236187845303867439e-01
1.250000000000000000e-01
1.250000000000000000e-01
1.263812154696132561e-01
1.263812154696132561e-01
1.277624309392265123e-01
1.277624309392265123e-01
1.284530386740331542e-01
1.284530386740331542e-01
1.291436464088397684e-01
1.291436464088397684e-01
1.298342541436464104e-01
1.298342541436464104e-01
1.305248618784530523e-01
1.305248618784530523e-01
1.319060773480663085e-01
1.319060773480663085e-01
1.325966850828729227e-01
1.325966850828729227e-01
1.332872928176795646e-01
1.332872928176795646e-01
1.339779005524861788e-01
1.339779005524861788e-01
1.346685082872928207e-01
1.346685082872928207e-01
1.353591160220994349e-01
1.353591160220994349e-01
1.360497237569060769e-01
1.360497237569060769e-01
1.374309392265193330e-01
1.374309392265193330e-01
1.381215469613259750e-01
1.381215469613259750e-01
1.408839779005524873e-01
1.408839779005524873e-01
1.415745856353591292e-01
1.415745856353591292e-01
1.429558011049723854e-01
1.429558011049723854e-01
1.436464088397789995e-01
1.436464088397789995e-01
1.450276243093922557e-01
1.450276243093922557e-01
1.470994475138121538e-01
1.470994475138121538e-01
1.477900552486187957e-01
1.477900552486187957e-01
1.484806629834254099e-01
1.484806629834254099e-01
1.498618784530386661e-01
1.498618784530386661e-01
1.505524861878453080e-01
1.505524861878453080e-01
1.512430939226519222e-01
1.512430939226519222e-01
1.540055248618784622e-01
1.540055248618784622e-01
1.546961325966850764e-01
1.546961325966850764e-01
1.574585635359115887e-01
1.574585635359115887e-01
1.581491712707182307e-01
1.581491712707182307e-01
1.602209944751381288e-01
1.602209944751381288e-01
1.609116022099447429e-01
1.609116022099447429e-01
1.616022099447513849e-01
1.616022099447513849e-01
1.657458563535911533e-01
1.657458563535911533e-01
1.664364640883977953e-01
1.664364640883977953e-01
1.678176795580110514e-01
1.678176795580110514e-01
1.685082872928176934e-01
1.685082872928176934e-01
1.698895027624309495e-01
1.698895027624309495e-01
1.774861878453038722e-01
1.774861878453038722e-01
1.788674033149171283e-01
1.788674033149171283e-01
1.795580110497237702e-01
1.795580110497237702e-01
1.802486187845303844e-01
1.802486187845303844e-01
1.816298342541436406e-01
1.816298342541436406e-01
1.843922651933701529e-01
1.843922651933701529e-01
1.850828729281767948e-01
1.850828729281767948e-01
1.857734806629834368e-01
1.857734806629834368e-01
1.864640883977900510e-01
1.864640883977900510e-01
1.871546961325966929e-01
1.871546961325966929e-01
1.878453038674033071e-01
1.878453038674033071e-01
1.885359116022099490e-01
1.885359116022099490e-01
1.892265193370165632e-01
1.892265193370165632e-01
1.899171270718232052e-01
1.899171270718232052e-01
1.906077348066298471e-01
1.906077348066298471e-01
1.912983425414364613e-01
1.912983425414364613e-01
1.919889502762431033e-01
1.919889502762431033e-01
1.926795580110497175e-01
1.926795580110497175e-01
1.940607734806629736e-01
1.940607734806629736e-01
1.968232044198895136e-01
1.968232044198895136e-01
1.975138121546961278e-01
1.975138121546961278e-01
1.988950276243093840e-01
1.988950276243093840e-01
1.995856353591160259e-01
1.995856353591160259e-01
2.002762430939226401e-01
2.002762430939226401e-01
2.016574585635359240e-01
2.016574585635359240e-01
2.037292817679557944e-01
2.037292817679557944e-01
2.071823204419889486e-01
2.071823204419889486e-01
2.078729281767955905e-01
2.078729281767955905e-01
2.092541436464088467e-01
2.092541436464088467e-01
2.106353591160221028e-01
2.106353591160221028e-01
2.113259668508287170e-01
2.113259668508287170e-01
2.127071823204420009e-01
2.127071823204420009e-01
2.168508287292817693e-01
2.168508287292817693e-01
2.175414364640884113e-01
2.258287292817679481e-01
2.299723756906077443e-01
2.299723756906077443e-01
2.306629834254143585e-01
2.306629834254143585e-01
2.327348066298342566e-01
2.327348066298342566e-01
2.334254143646408708e-01
2.334254143646408708e-01
2.348066298342541547e-01
2.348066298342541547e-01
2.368784530386740250e-01
2.368784530386740250e-01
2.375690607734806670e-01
2.375690607734806670e-01
2.430939226519336915e-01
2.430939226519336915e-01
2.472375690607734877e-01
2.472375690607734877e-01
2.493093922651933581e-01
2.493093922651933581e-01
2.500000000000000000e-01
2.500000000000000000e-01
2.506906077348066142e-01
2.506906077348066142e-01
2.520718232044198981e-01
2.520718232044198981e-01
2.534530386740331265e-01
2.534530386740331265e-01
2.541436464088397962e-01
2.541436464088397962e-01
2.548342541436464104e-01
2.548342541436464104e-01
2.555248618784530246e-01
2.555248618784530246e-01
2.562154696132596943e-01
2.562154696132596943e-01
2.575966850828729227e-01
2.575966850828729227e-01
2.582872928176795368e-01
2.582872928176795368e-01
2.589779005524862066e-01
2.589779005524862066e-01
2.596685082872928207e-01
2.596685082872928207e-01
2.617403314917127188e-01
2.617403314917127188e-01
2.651933701657458453e-01
2.651933701657458453e-01
2.700276243093922557e-01
2.700276243093922557e-01
2.714088397790055396e-01
2.727900552486187680e-01
2.769337016574585641e-01
2.769337016574585641e-01
2.776243093922651783e-01
2.776243093922651783e-01
2.824585635359115887e-01
2.824585635359115887e-01
2.831491712707182584e-01
2.831491712707182584e-01
2.852209944751381010e-01
2.852209944751381010e-01
2.866022099447513849e-01
2.866022099447513849e-01
2.872928176795579991e-01
2.872928176795579991e-01
2.893646408839778972e-01
2.893646408839778972e-01
2.921270718232044095e-01
2.921270718232044095e-01
2.928176795580110237e-01
2.928176795580110237e-01
2.941988950276243076e-01
2.941988950276243076e-01
2.969613259668508198e-01
2.969613259668508198e-01
2.990331491712707179e-01
2.990331491712707179e-01
2.997237569060773321e-01
2.997237569060773321e-01
3.011049723756906160e-01
3.011049723756906160e-01
3.024861878453038444e-01
3.024861878453038444e-01
3.031767955801105141e-01
3.031767955801105141e-01
3.045580110497237425e-01
3.045580110497237425e-01
3.073204419889502548e-01
3.073204419889502548e-01
3.121546961325966651e-01
3.121546961325966651e-01
3.135359116022099490e-01
3.135359116022099490e-01
3.149171270718231774e-01
3.149171270718231774e-01
3.162983425414364613e-01
3.162983425414364613e-01
3.190607734806629736e-01
3.190607734806629736e-01
3.197513812154695878e-01
3.197513812154695878e-01
3.252762430939226679e-01
3.252762430939226679e-01
3.273480662983425660e-01
3.273480662983425660e-01
3.328729281767955905e-01
3.328729281767955905e-01
3.335635359116022047e-01
3.335635359116022047e-01
3.356353591160221028e-01
3.356353591160221028e-01
3.370165745856353867e-01
3.370165745856353867e-01
3.377071823204420009e-01
3.377071823204420009e-01
3.404696132596685132e-01
3.404696132596685132e-01
3.411602209944751274e-01
3.411602209944751274e-01
3.418508287292817416e-01
3.418508287292817416e-01
3.459944751381215378e-01
3.459944751381215378e-01
3.466850828729281520e-01
3.466850828729281520e-01
3.473756906077348217e-01
3.473756906077348217e-01
3.480662983425414359e-01
3.480662983425414359e-01
3.542817679558011301e-01
3.542817679558011301e-01
3.570441988950276424e-01
3.570441988950276424e-01
3.598066298342541547e-01
3.598066298342541547e-01
3.611878453038673831e-01
3.611878453038673831e-01
3.639502762430938954e-01
3.639502762430938954e-01
3.674033149171270773e-01
3.674033149171270773e-01
3.680939226519336915e-01
3.680939226519336915e-01
3.701657458563535896e-01
3.701657458563535896e-01
3.743093922651933858e-01
3.743093922651933858e-01
3.763812154696132839e-01
3.763812154696132839e-01
3.770718232044198981e-01
3.770718232044198981e-01
3.798342541436464104e-01
3.798342541436464104e-01
3.812154696132596943e-01
3.812154696132596943e-01
3.825966850828729227e-01
3.825966850828729227e-01
3.839779005524862066e-01
3.839779005524862066e-01
3.846685082872928207e-01
3.846685082872928207e-01
3.860497237569061046e-01
3.860497237569061046e-01
3.888121546961326169e-01
3.888121546961326169e-01
3.908839779005524595e-01
3.908839779005524595e-01
3.915745856353591292e-01
3.915745856353591292e-01
3.922651933701657434e-01
3.922651933701657434e-01
3.943370165745856415e-01
3.943370165745856415e-01
3.991712707182320519e-01
3.991712707182320519e-01
3.998618784530386661e-01
3.998618784530386661e-01
4.040055248618784622e-01
4.040055248618784622e-01
4.067679558011049745e-01
4.067679558011049745e-01
4.088397790055248726e-01
4.088397790055248726e-01
4.095303867403314868e-01
4.095303867403314868e-01
4.122928176795579991e-01
4.122928176795579991e-01
4.143646408839778972e-01
4.143646408839778972e-01
4.150552486187845114e-01
4.150552486187845114e-01
4.164364640883977953e-01
4.164364640883977953e-01
4.185082872928176934e-01
4.185082872928176934e-01
4.233425414364641037e-01
4.233425414364641037e-01
4.240331491712707179e-01
4.240331491712707179e-01
4.261049723756906160e-01
4.261049723756906160e-01
4.281767955801105141e-01
4.281767955801105141e-01
4.364640883977900510e-01
4.364640883977900510e-01
4.385359116022099490e-01
4.385359116022099490e-01
4.392265193370165632e-01
4.392265193370165632e-01
4.406077348066298471e-01
4.406077348066298471e-01
4.412983425414364613e-01
4.412983425414364613e-01
4.426795580110497452e-01
4.426795580110497452e-01
4.433701657458563594e-01
4.433701657458563594e-01
4.454419889502762575e-01
4.454419889502762575e-01
4.461325966850828717e-01
4.461325966850828717e-01
4.468232044198894859e-01
4.468232044198894859e-01
4.475138121546961556e-01
4.475138121546961556e-01
4.495856353591159982e-01
4.495856353591159982e-01
4.509668508287292821e-01
4.509668508287292821e-01
4.523480662983425660e-01
4.523480662983425660e-01
4.530386740331491802e-01
4.530386740331491802e-01
4.537292817679557944e-01
4.537292817679557944e-01
4.633977900552486151e-01
4.633977900552486151e-01
4.654696132596685132e-01
4.654696132596685132e-01
4.675414364640884113e-01
4.675414364640884113e-01
4.696132596685083094e-01
4.696132596685083094e-01
4.709944751381215378e-01
4.709944751381215378e-01
4.737569060773480500e-01
4.737569060773480500e-01
4.779005524861878462e-01
4.779005524861878462e-01
4.799723756906077443e-01
4.799723756906077443e-01
4.806629834254143585e-01
4.806629834254143585e-01
4.813535911602209727e-01
4.813535911602209727e-01
4.827348066298342566e-01
4.827348066298342566e-01
4.854972375690607689e-01
4.854972375690607689e-01
4.924033149171270773e-01
4.924033149171270773e-01
4.958563535911602038e-01
4.958563535911602038e-01
4.986187845303867161e-01
4.986187845303867161e-01
5.000000000000000000e-01
5.000000000000000000e-01
5.013812154696132284e-01
5.013812154696132284e-01
5.034530386740331265e-01
5.034530386740331265e-01
5.082872928176795924e-01
5.082872928176795924e-01
5.131215469613259472e-01
5.131215469613259472e-01
5.151933701657458453e-01
5.151933701657458453e-01
5.186464088397789718e-01
5.186464088397789718e-01
5.214088397790055396e-01
5.214088397790055396e-01
5.227900552486187680e-01
5.227900552486187680e-01
5.255524861878453358e-01
5.255524861878453358e-01
5.283149171270717925e-01
5.283149171270717925e-01
5.290055248618784622e-01
5.290055248618784622e-01
5.310773480662983603e-01
5.310773480662983603e-01
5.331491712707182584e-01
5.331491712707182584e-01
5.338397790055248171e-01
5.338397790055248171e-01
5.366022099447513849e-01
5.366022099447513849e-01
5.379834254143646133e-01
5.379834254143646133e-01
5.393646408839779527e-01
5.393646408839779527e-01
5.421270718232044095e-01
5.421270718232044095e-01
5.435082872928176378e-01
5.435082872928176378e-01
5.441988950276243076e-01
5.441988950276243076e-01
5.448895027624309773e-01
5.448895027624309773e-01
5.455801104972375359e-01
5.455801104972375359e-01
5.490331491712707734e-01
5.490331491712707734e-01
5.511049723756905605e-01
5.511049723756905605e-01
5.524861878453038999e-01
5.524861878453038999e-01
5.538674033149171283e-01
5.538674033149171283e-01
5.552486187845303567e-01
5.552486187845303567e-01
5.669889502762430755e-01
5.669889502762430755e-01
5.745856353591159982e-01
5.745856353591159982e-01
5.808011049723756924e-01
5.808011049723756924e-01
5.828729281767955905e-01
5.828729281767955905e-01
5.870165745856353867e-01
5.870165745856353867e-01
5.877071823204419454e-01
5.877071823204419454e-01
5.918508287292817416e-01
5.918508287292817416e-01
5.932320441988950810e-01
5.932320441988950810e-01
5.939226519337016397e-01
5.939226519337016397e-01
6.063535911602210282e-01
6.063535911602210282e-01
6.084254143646409263e-01
6.084254143646409263e-01
6.118784530386740528e-01
6.118784530386740528e-01
6.208563535911602038e-01
6.208563535911602038e-01
6.229281767955801019e-01
6.229281767955801019e-01
6.270718232044198981e-01
6.270718232044198981e-01
6.346685082872928207e-01
6.346685082872928207e-01
6.353591160220994905e-01
6.353591160220994905e-01
6.360497237569060491e-01
6.360497237569060491e-01
6.401933701657458453e-01
6.401933701657458453e-01
6.477900552486187680e-01
6.477900552486187680e-01
6.491712707182319964e-01
6.491712707182319964e-01
6.546961325966851319e-01
6.546961325966851319e-01
6.574585635359115887e-01
6.574585635359115887e-01
6.636740331491712830e-01
6.636740331491712830e-01
6.740331491712707734e-01
6.740331491712707734e-01
6.767955801104972302e-01
6.767955801104972302e-01
6.774861878453038999e-01
6.774861878453038999e-01
6.802486187845303567e-01
6.802486187845303567e-01
6.823204419889502548e-01
6.823204419889502548e-01
6.837016574585634832e-01
6.837016574585634832e-01
6.871546961325967207e-01
6.871546961325967207e-01
6.982044198895027698e-01
6.982044198895027698e-01
7.002762430939226679e-01
7.002762430939226679e-01
7.058011049723756924e-01
7.058011049723756924e-01
7.216850828729282075e-01
7.216850828729282075e-01
7.258287292817680036e-01
7.258287292817680036e-01
7.285911602209944604e-01
7.285911602209944604e-01
7.292817679558011301e-01
7.292817679558011301e-01
7.313535911602210282e-01
7.313535911602210282e-01
7.382596685082872812e-01
7.382596685082872812e-01
7.403314917127071793e-01
7.403314917127071793e-01
7.493093922651933303e-01
7.493093922651933303e-01
7.527624309392265678e-01
7.527624309392265678e-01
7.548342541436463549e-01
7.548342541436463549e-01
7.569060773480662530e-01
7.569060773480662530e-01
7.589779005524861510e-01
7.589779005524861510e-01
7.603591160220994905e-01
7.603591160220994905e-01
7.741712707182319964e-01
7.741712707182319964e-01
7.748618784530386661e-01
7.748618784530386661e-01
7.803867403314916906e-01
7.803867403314916906e-01
7.817679558011049190e-01
7.817679558011049190e-01
7.866022099447513849e-01
7.866022099447513849e-01
7.872928176795580546e-01
7.872928176795580546e-01
7.879834254143646133e-01
7.879834254143646133e-01
7.886740331491712830e-01
7.886740331491712830e-01
8.004143646408840018e-01
8.004143646408840018e-01
8.017955801104972302e-01
8.017955801104972302e-01
8.038674033149171283e-01
8.038674033149171283e-01
8.073204419889502548e-01
8.073204419889502548e-01
8.107734806629833813e-01
8.107734806629833813e-01
8.114640883977900510e-01
8.114640883977900510e-01
8.162983425414365168e-01
8.162983425414365168e-01
8.169889502762430755e-01
8.169889502762430755e-01
8.176795580110497452e-01
8.176795580110497452e-01
8.183701657458563039e-01
8.183701657458563039e-01
8.190607734806629736e-01
8.190607734806629736e-01
8.197513812154696433e-01
8.197513812154696433e-01
8.238950276243094395e-01
8.238950276243094395e-01
8.294198895027624641e-01
8.294198895027624641e-01
8.314917127071823622e-01
8.314917127071823622e-01
8.328729281767955905e-01
8.328729281767955905e-01
8.349447513812154886e-01
8.349447513812154886e-01
8.411602209944751829e-01
8.411602209944751829e-01
8.453038674033148681e-01
8.453038674033148681e-01
8.466850828729282075e-01
8.466850828729282075e-01
8.473756906077347661e-01
8.473756906077347661e-01
8.529005524861877907e-01
8.529005524861877907e-01
8.598066298342541547e-01
8.598066298342541547e-01
8.653314917127071793e-01
8.653314917127071793e-01
8.722375690607734322e-01
8.722375690607734322e-01
8.805248618784530246e-01
8.805248618784530246e-01
8.881215469613259472e-01
8.881215469613259472e-01
9.267955801104972302e-01
9.267955801104972302e-01
9.316298342541436961e-01
9.316298342541436961e-01
9.426795580110497452e-01
9.426795580110497452e-01
9.440607734806629736e-01
9.440607734806629736e-01
9.537292817679557944e-01
9.537292817679557944e-01
9.606353591160220473e-01
9.606353591160220473e-01
9.668508287292817416e-01
9.668508287292817416e-01
9.772099447513812320e-01
9.772099447513812320e-01
1.000000000000000000e+00
